+------------------+----------------+--------------------+------------+
|   Trạng Thái Đầu | Danh Sách Kề   | Danh sách đi qua   | Hàng đợi   |
+==================+================+====================+============+
|                5 | 3, 7           | 5, 3, 7            | 3, 7       |
+------------------+----------------+--------------------+------------+
|                3 | 2, 4           | 5, 3, 7, 2, 4      | 7, 2, 4    |
+------------------+----------------+--------------------+------------+
|                7 | 8              | 5, 3, 7, 2, 4, 8   | 2, 4, 8    |
+------------------+----------------+--------------------+------------+
|                2 |                | 5, 3, 7, 2, 4, 8   | 4, 8       |
+------------------+----------------+--------------------+------------+
|                4 | 8              | 5, 3, 7, 2, 4, 8   | 8          |
+------------------+----------------+--------------------+------------+
|                8 | TTKT           | 5, 3, 7, 2, 4, 8   |            |
+------------------+----------------+--------------------+------------+